Денисов Фёдор Маркович; 9743426811;2019,11,24;2022,11,24; 0; 100;
Козлов Марк Матвеевич; 9743104482;2020,04,29;2022,10,02; 10; 0;
Овчинникова Мария Марковна; 9743919804;2021,08,28;2022,04,12; 0; 100;
Комарова Мария Дмитриевна; 9750371322;2019,12,19;2021,12,20; 100; 10;
Михайлова Екатерина Данииловна; 9712332488;2014,09,03;2024,09,03; 0; 0;
Никитина Алиса Артёмовна; 9742434314;2022,05,11;2024,05,11; 240; 0;
Михайлова Аглая Владиславовна; 9742630548;2016,07,14;2022,04,30; 0, 20;
Колпаков Алексей Захарович; 4904249071;2005,11,22;2022,11,22; 10; 50;
Астахова Валерия Дмитриевна; 9434777731;2020,08,08;2022,08,08; 30; 10;
Андрианов Кирилл Александрович; 9944598243;2010,07,10;2022,04,20; 0; 0;
Калачев Андрей Шамилевич; 9323472201;2020,05,03;2020,10,10; 0; 0